115208
64042
54125
53833
52291
47958
62208
47209
47208
48167
51625
52000
112417
52333
51833
54458
55083
51791
51375
51542
50542
50375
47625
41666
46333
50292
49583
46666
47834
40833
39292
39292
43500
40834
39708
42000
43875
44042
42625
44125
43792
44167
43791
43875
41250
38917
37292
52542
44000
42292
45708
44625
43959
41542
71208
43500
36125
37708
41250
42333
42500
42834
46000
42458
43000
40750
42416
38125
38083
39584
42583
42500
42333
42458
42417
42416
42500
41792
41917
49542
45334
42125
42084
37375
41875
42167
41708
41708
40625
41625
39416
37625
37250
37875
38542
41375
41375
39291
41000
41334
42000
42167
39875
37625
37834
39667
41000
38833
41708
39708
38833
40458
41042
45375
41791
40250
37583
37500
40042
41583
42042
38625
39167
40125
41166
41250
41625
37750
37875
36875
41584
41500
41375
41375
41667
41375
41250
41250
41625
66750
48084
37500
38125
40959
41625
41042
41042
40959
41083
43708
39833
37041
37000
39292
47542
41125
41000
40708
40583
40750
41583
40875
39541
36959
37000
38167
40959
41167
40791
40417
40833
40708
39958
40333
39875
37167
36542
36542
40041
41292
41250
41166
40167
41292
41291
40292
41458
38208
36417
36500
38917
40208
40375
40209
40334
40958
40958
41167
40125
40917
37000
37542
38167
41208
45667
45750
45292
42750
44042
40458
40209
38667
37209
37125
38625
41167
41125
40209
40459
40375
40625
40542
40459
38875
36709
36500
40166
41417
41125
40875
41208
38084
37625
38000
37875
37875
35333
34917
34000
37000
38292
40000
40750
41041
41083
41167
40417
41042
40417
36083
36208
37167
39875
39667
39834
43583
40958
38167
38875
49291
41083
34542
34875
34583
38083
37667
38166
38208
38292
41250
41625
37792
41625
40750
36875
36708
35583
40125
41167
40958
40750
40334
41208
40250
40417
40500
38042
36500
36917
40000
40958
40333
44750
40291
40417
41250
38291
40750
40333
37125
8272500
41917
38541
38334
39083
38833
39334
41333
41500
41417
41417
42542
40750
40708
41209
40667
40875
41083
41125
41041
41584
41125
41459
40792
40958
40500
40875
41084
38166
40959
40500
40750
40792
44167
40792
40625
42708
42667
34708
33583
36083
37667
33334
36292
36958
39291
37042
36833
36708
59708
38834
37125
37667
36833
34542
33333
33208
33459
33166
33458
33167
33375
33125
33334
32958
36292
36625
37000
37125
35958
33541
37417
33584
33375
33500
33333
33542
33458
33666
33875
37083
36958
37042
34209
34042
33667
33291
35416
36834
36916
36750
37083
36625
36959
36666
36875
36750
33583
33375
33458
33542
36083
33625
39541
36959
36833
37000
36792
37125
36666
36167
33250
33542
33250
33625
36875
37375
36958
36625
36916
36917
37041
36959
37208
34916
33584
33333
33625
34375
37042
36875
36958
37167
39167
37042
39333
36875
36875
33667
33334
33500
36459
36917
36959
37250
37000
37209
37083
37417
37042
36959
36125
33625
33666
34792
37125
36875
37167
36875
37250
37042
37333
37292
37375
37333
36542
33625
36000
37000
36833
37167
36917
37208
36750
37208
37167
37000
36959
35916
33375
33833
34791
36959
37166
36750
37041
36959
37250
37000
37167
37042
37000
34167
33708
33541
36417
37208
39542
37041
125167
38500
36625
36041
33000
33041
32916
36333
36542
36541
36708
36708
36584
37208
36791
38709
37458
35250
35625
41125
38500
38834
38500
38708
37375
38750
38875
38667
38792
37459
35084
33958
37417
39833
38709
38833
38834
39833
38667
39792
38917
39666
36459
35750
35083
38958
36625
38584
38584
36667
38416
38667
36708
38500
38792
79458
35167
37875
36583
38667
38792
36959
38958
36666
38458
38750
36667
37125
35208
33166
36792
38792
36709
38792
41667
36667
38708
39125
39000
38916
37625
35250
37709
36625
38750
38833
36709
38625
38834
36708
38584
38792
36708
38042
35375
35291
36625
39000
39750
39125
39041
