26543750
25822041
26769416
27309167
27199250
27439667
26260958
25852167
25777792
25818750
25785042
25784583
25742709
25954292
26003125
25954209
26609834
27153792
27198708
26758417
26925750
27338750
26775458
27509792
27377708
27490750
27494375
27517000
27251875
27679708
27469959
27569666
28133959
27088917
26756083
26976416
27251333
27513875
27422375
25599834
26477209
26598333
27153042
27129125
27112208
27198167
26874583
26784292
27069833
26811666
26138292
25669833
25509084
25606250
25936958
25833958
25832041
25813000
25932125
25976292
25811000
25785167
25803084
25801583
25939000
25814583
25778458
25743000
25767250
24737458
23382791
23405209
23398583
23377916
23348333
23356208
23322583
23331834
23322041
23325250
23381083
23328167
23259750
23238292
23305542
23976583
25785000
25707292
25779833
25847250
25785958
25745583
25797500
25839042
25809791
25811500
25977584
25793250
25805958
25820292
25759417
25759625
25749375
25851708
25755167
25774666
25738542
25734209
25895291
26544833
26472458
26458916
26592458
26467959
26445333
26465375
26450208
26438583
26464083
26418000
26452666
26399250
25921417
23113458
23125750
23083125
23109917
23084542
23171167
23114459
23063291
23103458
23103125
23043917
23023375
23017083
23045542
23028584
23706209
25765250
25747667
25718666
25706959
25732208
25820875
25685416
25686375
25695750
25702916
25501959
25425875
25481375
25531917
25438792
25419042
25422750
25479375
25423084
25465458
25401041
25587167
25445667
25393167
26040167
26678125
26646041
26629125
26632750
26586916
26574667
26601625
26597791
26593041
26571125
26561375
26675834
26731458
26582875
26673750
25707084
25684167
25705959
25721833
25723084
25662375
25687125
25676250
25677583
24902917
23428584
23389542
23433958
23518459
23393292
23380542
23417625
23382292
23488458
23391167
23379166
23388750
23368916
23436084
23363500
24797416
25516791
25514666
25508541
25553458
25382708
25482417
25439625
25783625
25899334
25506208
25439875
25432458
25433041
25544375
25562250
25501042
28229292
27729167
27725459
27788541
27616500
27610041
27573375
27550792
27268708
27547958
27120750
27139292
27091666
27077000
27024708
27112250
26525291
26542875
26525125
26709292
26489000
26455625
25806333
25243917
25177417
25123209
25146916
25063875
25082875
25028083
25025000
25026291
25022584
25018875
24877000
24967542
24860416
24859500
24865042
25931375
25890167
25902666
25867000
25877708
25849458
25838750
25870500
25854375
25847792
34727500
37533666
37445459
36929208
36517459
35725209
35482125
35245042
32627125
32584250
27976083
25053167
25049625
25014375
25079542
25015291
24998459
24981292
25133584
25042584
25028125
25050459
24979042
24962416
24986875
24981167
24997292
24816709
24731084
24730125
2505425959
24886084
24881958
30304083
33731959
33228208
33138209
32501917
32243042
32205125
32130209
31836875
28532000
24143541
24150208
24189208
24143875
24116459
24138542
24163833
24281708
24118375
24121833
24054084
24087958
24057625
24191125
25675209
25645834
25681625
25654208
25656500
25712291
25816416
25719084
25783167
25920375
25787042
25715208
25792709
25708750
25672667
25301250
24903250
24875792
24887250
24906000
24890250
24871083
24897542
24867916
24867083
24999833
24871417
25165167
25589500
25552625
25516833
25488375
25477125
25477625
25485291
25486167
25492834
25480333
25473333
25468583
25437459
24794417
24021958
24041625
24018083
24009334
23995042
23943125
23922625
23905583
23952250
23876084
23884375
23874417
23904709
23909708
23913709
24282750
24885125
24907917
24893084
24880125
24884667
24857625
24852708
24837583
25259583
25573708
25867750
25591834
25611791
25597458
25577583
25802958
25550625
25606334
25657875
25707959
25599958
25607042
25616667
24528083
24079042
24099209
24079125
24065209
24136959
24099709
24055250
24195667
24101500
24100292
24107750
24061791
24084166
24054500
24072209
24622625
24850000
24841292
24824417
24850042
24839667
24837625
24818250
24966292
24821625
24452500
23385541
23353875
23316750
23313375
23339500
23339833
23363917
23341500
23316167
23359166
23345500
23355167
23369916
23438875
23358709
23623833
25730542
25733958
25719792
25769625
25738709
25710625
25668000
25720875
25710334
25708541
25662834
25692083
25700042
25816042
25688875
24809250
24836875
24792542
24835792
24807292
24822834
24797667
24799458
24813791
24814833
23978292
23959167
23983833
23956666
24092750
23973792
23971667
24000834
23952625
23952584
23965500
23960709
23935208
23968083
23991875
23955167
24317750
23844042
23870916
23724875
23832667
23839292
23656542
23833125
23267042
23262958
23256458
23266125
23246000
23233917
23230917
23241916
23577166
24817667
24827458
24814166
24929583
24800542
24815375
24787542
24815541
24810208
24999541
25620917
25633000
25641917
25642292
25609708
25588292
25605167
25629417
25582959
25722834
25614708
25599167
25569500
25583292
25575250
24545750
24065291
24022708
23990458
24008125
24024250
23990459
24014375
24025375
23957750
24088667
23931542
23953833
23945583
23946250
23932375
23319209
23214250
23192167
23226333
23227084
23196958
23218458
23200917
23208958
23198584
23317708
23879209
24780292
24808167
24827625
24782667
24798500
24779500
24790875
24796166
24788333
24785667
24808625
24821583
24802500
24786167
24954667
25184958
25669250
25638791
25689959
25641125
25679166
25644334
25643333
25674625
25601833
25644375
25589791
25643625
25634417
25617458
24173917
23193417
23209583
23176166
23175500
23206667
23183958
23170417
