826875
742000
657792
675167
660916
711042
753292
746000
794709
729041
725333
707125
742875
721083
752750
705625
718625
709959
702417
703292
704583
700416
701708
696750
702708
705625
704333
709750
704542
697667
709083
696375
706000
705250
707959
688292
689458
689750
689375
692083
690375
687292
687791
690167
688875
687750
689042
692167
722792
710292
676083
663541
683542
666666
674875
660459
679708
661084
684542
661166
683625
664125
678958
661667
682958
684375
660125
674792
683958
652583
677000
676916
661125
675166
678666
653583
677583
680916
653958
673875
656000
685459
673791
653291
676333
679083
655375
681500
652250
679042
662625
666000
681625
666000
670625
677125
671542
667792
652792
675625
676417
664125
672250
652250
676542
673917
655084
676625
679542
652875
676833
675500
656292
675750
653000
681500
664291
664500
677125
652667
694666
676584
700375
677416
681375
688042
674416
687542
688708
704167
710833
668000
685542
692834
667667
674625
692125
675084
667667
687917
675958
664333
690333
681709
660750
692583
687500
656416
689583
676084
674792
678625
688167
664541
674792
691250
669500
686334
716500
713875
684417
677375
676625
696166
679250
669292
674458
700667
660291
689125
687667
654250
676125
688958
659541
688125
691500
663833
676500
688959
671000
674708
690666
667083
689458
660959
681208
687583
665792
676625
690875
669750
673834
696625
667792
668792
687709
680541
660833
688917
671250
678375
676875
685333
680917
695000
675334
671958
685792
657208
685542
684375
655333
681041
686750
659208
679375
690250
651458
673291
686791
651542
672833
691000
676166
667375
686416
672958
664084
685458
664750
685458
673083
689750
654375
688250
685708
655875
683875
689208
662958
678542
685250
665041
674875
687167
665500
670542
672917
679291
668542
688667
659750
687417
652416
695625
661208
733625
688875
661083
676708
686792
665958
673708
690667
667833
666500
686375
663250
664334
684792
675458
665000
683291
684833
659083
681791
684334
654084
677625
687958
651959
685917
684083
671833
674750
683250
662417
675084
676041
667875
684416
654334
682750
683959
652166
679625
689416
659375
675208
80072667
698875
652416
652583
658125
645208
647042
644083
644750
644375
643417
644584
646292
649375
643416
644333
643666
644541
643917
644917
650416
651667
651625
652000
651500
651708
653583
651458
651042
657375
651292
651791
651333
651792
662667
969042
642042
628583
634791
628417
636542
627500
633333
627792
633792
627625
637042
627792
633583
627042
641750
627167
631500
629417
628875
626334
628334
626125
628459
626375
631167
629750
629000
626750
628125
626291
638166
626084
634208
626292
628292
637708
629000
625750
666250
634709
658958
653083
633500
648875
650417
641583
650958
644875
646208
648375
643834
641208
664667
635459
650000
653166
633166
668500
655958
630417
651375
667916
630833
648458
655292
631250
657875
658541
637542
648500
643291
640166
668500
639292
639875
659250
646875
641708
652166
642542
648791
653042
635417
654708
651791
630958
655000
664667
629125
647041
659167
639667
656625
653209
637459
657500
651625
642917
657625
634875
640375
664500
629166
646458
662125
635917
649833
663917
632416
654208
662333
630334
650792
659834
631500
647458
653041
637584
657000
649458
639417
658500
636792
641875
661750
640833
644833
655083
638500
650416
661833
632208
657041
662209
629125
656708
648500
635125
659583
657792
635667
657125
650166
641166
659292
656833
670292
647334
645709
640333
661667
645084
644000
667792
639125
647875
661791
635167
651416
674375
632083
650459
661417
724875
645334
665833
637792
654417
660042
635791
650875
662375
630000
655625
664500
629708
661417
668291
637833
645083
655000
638125
667041
656792
637417
646042
644667
663917
628750
656875
658250
631667
660042
654917
635250
656792
650375
639458
658166
634333
661375
629375
659584
657542
634208
659500
653625
636709
654625
657791
645000
644542
651083
647791
671417
645042
644333
662209
641000
657750
662375
637958
648042
664500
637458
650459
662000
630333
655291
665000
632000
656666
657083
633083
656542
653167
637000
656417
648917
642125
660791
644875
639458
661625
646333
646334
661083
637250
647417
661208
633125
651625
665750
629792
658042
667083
644292
656416
659166
636375
644916
654375
636916
656417
