847666
780083
697708
706084
691792
754209
705833
711542
772791
705041
704084
712625
715541
719375
718875
693417
680667
676625
677042
682250
671042
673041
672417
672042
683542
677417
669083
670542
668250
668667
671042
670042
672500
673500
680709
659334
661667
659916
660250
667583
659541
658875
674916
676167
662292
674584
692125
662791
694041
709917
663625
669584
664833
662500
677834
658250
675666
662291
659042
684709
664958
673375
658709
672125
662334
672125
669584
672625
658459
671583
661959
664375
669709
670917
662875
664667
658584
672667
660333
672792
669292
662416
659125
674625
673291
658500
669125
660334
657625
675250
658625
675375
674625
655166
673917
677208
654000
661416
666792
674750
662083
671375
676333
651334
677666
650666
677834
673875
655208
672917
674250
652292
679542
674750
654084
671791
685583
678708
693417
673542
685333
684875
673375
698583
678833
669875
670208
686958
678917
679500
686792
688417
657708
685958
687584
656208
682167
686958
656375
687375
680792
665875
672958
686875
672833
674708
675500
673250
665250
685750
677166
661375
694959
683417
655750
678041
670875
687500
673459
668000
689875
664166
685417
663208
675834
694875
654750
696292
652250
675958
686583
657875
691333
686250
653542
685291
683375
663375
672709
689250
670792
670166
689875
662958
665667
691875
663792
660083
686166
679250
657416
673584
675541
689542
668958
670750
677750
672583
666917
689333
677000
665750
686166
692709
655667
723500
674833
650625
677458
686292
661625
678875
687958
653625
669625
685084
658375
689333
653291
681000
673375
671959
662625
662000
688000
678458
659500
686250
670042
653750
675625
670500
685667
669708
664958
686417
660084
663625
684917
675334
662833
690917
664917
677500
649917
688125
656417
687875
684542
653791
684875
671333
654917
682041
685542
678458
677417
734917
664625
661458
690375
670583
656666
686208
669875
676542
667958
670125
686625
672333
677083
682584
679875
661709
693667
692917
654459
672208
688375
650500
683875
664708
685958
659625
662250
698875
661875
685000
672458
666042
678541
666459
669000
685459
675375
664166
673750
673500
662667
678584
668875
688584
650167
689208
657750
685167
670125
681041
674125
665167
674666
674208
663000
671542
672917
674000
677916
684250
655750
686292
670167
681167
667083
666000
671541
674083
676125
655209
682625
681042
660875
679167
674208
671458
684416
657000
680833
654375
681375
693083
669625
681500
689000
676083
670791
679500
669875
665750
691125
673417
667500
677334
691125
657416
679458
683125
658958
685584
691125
654750
694625
661791
680167
689541
658166
687417
691625
654791
685041
680417
662000
681209
679000
676416
680292
658542
691459
689166
680083
694000
709917
719333
700875
698541
699875
690250
688375
687375
694583
687000
688708
689000
689250
688666
693791
687500
684959
685417
683917
688166
693750
687750
688417
684000
703458
688083
685583
698209
688375
685500
684167
682750
680417
685292
682625
689125
685625
683250
683500
684208
681458
683750
681542
687458
686166
692042
681375
683666
685709
687375
683792
683167
687125
683416
685208
685709
681666
694500
684292
685334
685125
683334
687208
688125
684541
684209
685458
688750
688500
690209
683167
683666
692208
685875
685875
689083
690583
688834
686208
686875
690875
685791
691375
685791
688417
686333
687958
681958
683125
682834
688125
684625
684167
684708
682584
686250
689042
685166
683875
686541
692458
692500
687542
681500
685750
688958
683333
682792
685542
690417
688625
686375
684917
684792
685791
695541
685917
681375
684916
782417
627375
646417
658250
634416
643583
650792
637625
641000
644208
651917
648583
647125
637042
742291
664500
629584
645250
655417
645167
651917
640042
652000
633042
646875
666167
633875
645209
651916
633000
655708
648958
634084
657542
647791
633916
657208
647583
636916
641583
643209
663083
621584
650750
649875
630584
651708
642208
631625
641167
634250
641208
660542
631333
655916
653459
625709
651917
660667
621625
648791
656958
625833
649667
630083
637625
652875
638334
637166
642667
637667
645084
639250
649167
638416
631333
653625
638084
636708
658333
632500
642417
654209
622708
654292
655625
627166
651708
642708
631458
649709
652333
631000
656917
637459
635708
654709
623417
645291
633625
652541
