26558750
26623916
27297334
27560375
27922334
27033458
26197834
26082500
26048792
26096667
26052458
25999041
26025250
26407875
25960583
26079208
27694958
27567792
26955167
26861792
27396333
27280875
27201209
26757917
27360708
27507750
27415959
27421958
27179333
27439916
27368042
27335583
27823041
27704958
26536625
26620625
26463417
27121000
28530458
26574708
26490417
27037584
26990042
27672833
27701209
27699333
27580750
27340542
27481417
27209417
26638791
26012958
26006542
25964792
26230791
26355583
26362458
26212083
26288416
26414959
26147417
26114916
26105208
26112834
26273667
26087041
26085875
26151208
27781416
27589250
27438333
27374875
27286791
27271708
27300209
27297250
27265708
27199375
27160750
27165666
27331625
27185291
27115583
26324709
26323541
26347167
26343583
26352833
26281042
26377917
26434250
26402666
26443208
26351042
26575584
27282042
27204875
26983042
26903417
26861792
26852750
26874833
26893625
26849167
26356500
26251000
26206084
26095791
26022750
25980125
26065042
26021292
26081166
25980958
26008500
26019917
26002459
26120917
26036083
26064917
26106500
26103125
25046208
24359917
24353125
24374625
24357167
24345417
24498750
24377375
24373250
24380334
24370209
24350541
24369250
26290417
26226833
26229958
26243250
26280958
26243750
26223458
26201541
26210375
26406167
26218875
26204916
24491083
22777375
22785958
22818750
22790500
22782292
22827667
22811208
22761334
22733416
22757542
22760084
22732250
22847250
22771834
22736459
22728708
22998167
26135542
26117708
26084417
26099209
26095166
26078500
26073083
26145459
26006084
26110958
26063084
26263333
24555583
24329750
24348292
24336500
24354334
24328292
24340667
24349125
24339625
24348041
24347166
24350500
24339333
25181875
26207791
26381666
26242000
26202125
26229708
26174334
26201958
26237041
26198584
26176708
26185500
26174917
26227709
26195792
25424542
22964291
22942584
23055000
22940959
22931667
22935542
22966083
22931833
22946000
22914541
22930334
22923084
22977667
25698875
26161375
26175000
26129334
26175208
26315291
26179084
26086625
26206917
26180833
26176000
26186541
25692667
24460875
24441625
24595000
24573625
24551708
24500542
24467417
24461709
24556333
24701042
24437375
24453417
24469375
24486584
24407083
24420250
23730084
23331667
23288000
23309625
23301917
23281709
23282416
23219000
23360917
32104417
33582292
32951209
32680917
32517917
32466541
32518833
32396208
32241417
32185791
32157625
32139833
26740500
26133292
26144625
26279625
26053000
26074333
26137542
26154583
26119542
26025042
26105459
26045917
26159625
26139667
26194084
24065459
23149084
23090833
23101292
23223166
23101375
23084500
23098459
23109500
23091166
23091458
24053750
24744375
24718458
24711250
24701000
24705250
24722833
24727417
24693875
24797125
24688542
24664375
24654541
24685667
24667541
24966500
24728000
24152541
24134458
24145333
24143084
24132667
24182334
24161542
24192667
24275125
24178458
24172209
24149333
24185791
24160750
24138625
25654625
26094042
26155375
26087167
26131833
26076375
26087458
26132084
26129792
26261792
23704958
23246291
23218333
23180791
23194666
23206625
23210417
23212042
23225459
23216917
23200166
23220292
23246000
23219042
23199042
24262750
24531292
24591917
24619625
24532959
24506959
24489291
24479792
24490625
24500625
24486833
24481292
24480750
24485584
24479834
24492750
24237375
23807459
23795666
23758125
23776625
23792000
23835000
23784333
23812875
23758584
23726541
23157041
23302084
23161750
23153250
23151416
23280958
23165000
25769166
26148125
26121666
26098125
26126958
26130500
26126583
26119042
26126084
26106500
26152709
26085000
26114000
26106750
26224000
26137625
26083166
26136625
26104500
26064750
23853041
23866875
23867084
23845167
23824583
23842084
23861666
23817959
23857459
23805916
23806250
23152542
23173541
23147125
23174875
23189125
23141250
23156167
23164292
23147500
23160708
23155000
24039917
24468334
24473042
24514667
24620833
24508709
24470500
24502958
24486625
24487208
24464084
24490542
24489625
24477292
24515167
24462583
24468667
24490625
24467708
24480500
24608500
25353125
26052708
26002083
26032542
26048791
26032583
26057917
26042417
26046250
26036292
24876250
24102583
24078041
24040625
24032708
24180792
24007000
24010292
24011708
24019792
24024833
23683083
23206125
23222208
23289417
23831750
23227750
23228000
23253416
23244750
23214542
23353208
23245708
23217250
23234083
23232125
23199875
23232000
23229834
23188458
23202000
23220833
23244250
23587167
26036250
26010125
26043375
26153125
26000250
26001458
26149334
26101500
26115250
26097375
24254125
23821083
23959625
23826167
23815708
23837708
23844208
23824959
23845792
23966625
23856375
24453750
24523708
24498375
24492125
24490791
24476416
24457375
24468542
24478541
24474750
24451833
24447375
24434083
24455667
24588542
24442208
24445625
24466792
24454958
24458583
24997792
26115041
26094458
26116000
26128375
26139083
26133209
26129250
26119833
26141791
24385625
23856709
23809333
23815750
23799125
23799458
23803791
23807542
23834292
23804042
23607041
23717250
23238041
23170583
23149958
23211542
23258417
23130333
23175250
23184375
23153792
23153541
23158083
23152833
23149000
23133334
23132750
23154583
23134667
23132750
23154583
23158667
23268125
23580750
23842208
23828667
23807917
23823000
23829291
23827500
23827750
23821541
23804583
23835208
24278458
24444000
24432791
24415000
24575208
24433792
24400084
24442667
24419500
24473083
25441250
26166041
