842583
769542
680084
698125
685041
733958
696041
701750
759000
685916
672833
672291
710625
692584
689750
696125
672875
673208
668417
782291
664791
667167
672250
665209
664375
667834
663708
663334
664208
664416
667208
664667
668375
664667
665667
656667
655917
656667
656708
714333
655500
655958
655542
656333
655709
670917
680000
676666
674958
708000
659666
657958
657458
656250
656917
654209
668750
653208
653750
728458
653750
662167
667541
656125
668542
661542
659917
668833
657125
655792
656166
656250
655709
668666
663208
655416
656167
674208
694834
667750
663333
656084
653500
674958
653667
676750
657791
669292
648417
674250
648584
671584
660167
673416
672542
649625
658500
666958
694208
673750
674417
661250
667834
674125
649000
661667
666375
669458
648792
674792
649042
648750
676792
654166
669791
675125
648500
666667
703750
682917
669458
686958
666833
665167
683667
669875
664917
681625
663875
663541
680125
662417
678666
659709
671083
672916
663625
706541
684208
670750
664833
669458
671542
664792
671500
673792
662583
679625
676833
659250
668291
682250
658292
668833
670583
657250
681333
715334
653542
669625
688958
655917
674625
684292
652416
668000
685958
652000
668583
684375
665167
666666
673083
667042
665625
672125
702458
681416
657750
673708
674250
652625
668375
684917
652625
668334
673250
663292
668250
673000
665167
666125
675958
667334
664917
672708
699834
677375
670083
676375
659333
668000
665375
666833
681792
694166
672375
659625
669833
670333
662625
666333
666584
671708
661500
666416
713917
656459
677750
667000
655084
666500
666500
654500
669250
681750
652625
666333
668708
652083
678083
671042
650542
666208
683125
694875
672375
682833
650292
666000
675417
658291
669417
682584
650125
666417
670875
663125
671667
671250
650417
666459
682625
651708
666167
735083
672542
672833
657125
671208
671458
659000
669458
683458
650458
666375
682625
651041
666375
673666
662875
664750
674125
652500
710750
692625
668458
660709
667042
673291
659917
666542
676291
658000
679958
667583
657750
666250
682000
653625
667166
680875
653166
666833
722958
650500
667292
670750
650750
668084
683125
650459
666458
683584
653125
667542
683084
650458
666958
671292
650250
666792
671417
690208
713875
688041
700041
699792
699375
700292
689792
686667
686541
686208
685708
686334
687000
686625
687875
683083
683416
683666
682959
731083
697041
857333
621833
616000
618917
615834
637083
625666
615875
641167
636333
619292
640417
628250
627583
640708
630542
652000
686375
651917
648959
643292
636875
649958
646167
637958
643208
650833
638875
638875
649042
645000
637000
647833
650584
638583
649125
703000
640792
646958
651167
641000
638583
652125
655834
637750
648917
648750
637334
644083
654250
639584
647792
652083
644750
662917
650791
694500
637792
652417
644542
646875
644666
660458
636750
650458
652250
650208
635042
663250
640708
648000
645500
667084
640500
650666
687125
649958
656875
648208
647625
639291
665750
636875
648458
649333
653459
635708
659333
645375
647500
642666
661833
637042
651291
649833
682417
640459
667459
638708
650083
650208
655375
638000
658375
645500
648000
654167
650042
647625
638833
662459
639250
647292
665583
680292
647542
649250
654750
643416
650292
657791
636083
656958
648959
646625
650666
650083
650167
647333
653625
653500
635917
658917
645708
686083
658833
645833
648958
656625
647875
648375
640292
663291
637750
648083
653750
653500
645625
649875
645292
647334
656625
648250
695292
650250
659334
635917
653125
650375
648292
649708
652333
640041
647292
759084
643458
658292
657750
644209
662625
655791
638834
696833
662875
640417
652792
665042
641458
652917
652625
653208
638208
665125
646375
650333
649625
660000
637875
658959
650833
650167
655958
696167
644750
653083
664917
639166
653167
654375
651417
638625
664333
643166
649583
662625
645583
644167
652125
662375
640042
643041
708291
642125
664084
651000
638625
654125
653333
652041
651917
652750
654834
638166
664209
645584
653708
647375
670917
645583
652834
690833
662916
658167
661625
647667
652625
650791
649125
655875
652208
639292
654292
652833
653250
651125
652250
644834
649416
661458
687375
650000
663500
646500
650166
659584
649917
641625
655959
664125
640042
653500
652791
652917
638084
665042
