851333
768083
680042
695625
684083
737833
767375
744459
820542
735333
709750
710500
725292
707292
735542
706125
719500
703208
700208
703125
707459
697250
707750
697291
706541
699791
711125
695500
707833
695459
706625
693958
710541
730042
715875
686666
686208
687125
687708
687042
686875
685750
686791
687208
686542
685709
686792
686834
691541
705209
661125
653916
658083
653167
659375
650875
656916
651916
656166
651416
656083
652000
657208
658500
667375
664084
657667
658458
651959
666667
651541
651791
655375
660750
649875
653166
662917
650917
665083
652000
654542
656000
655250
654750
655291
653125
665000
651208
650000
651208
665750
650666
649625
667000
650000
649500
666125
654125
657250
649375
663750
655792
664708
654125
654209
666750
652542
654583
666667
642500
666000
651167
684125
678167
664334
675708
651708
677958
676042
651334
677833
669583
649125
679541
670667
647791
677458
673583
649666
695292
677417
645625
674625
677667
645292
666959
681625
648250
677958
666292
648083
671000
678250
649292
671875
677833
651500
668667
678125
651208
669583
677417
647084
682667
651583
677375
676792
646542
680583
661833
653166
678458
666667
644250
682042
676208
648084
670875
664833
677917
666791
657667
681334
665250
659500
673458
673208
652459
669792
666166
682208
642417
671458
680125
657666
667541
682125
654458
669041
666583
664167
671833
649750
666292
662833
677125
656333
663541
677541
658834
660000
676750
660083
667334
680042
688084
668292
643959
670958
677875
653208
668125
680791
644666
680375
674709
663625
686541
646084
678250
675792
645459
666417
676792
647292
678625
678167
648417
675917
678500
642833
666917
677917
648292
672542
668333
665250
682208
672916
671208
672458
652209
668833
664583
680250
644167
668166
679417
655709
666000
679583
645667
664667
678916
646459
697000
649875
719791
679875
654500
667584
666958
664791
665583
667417
666042
673291
647750
678917
674875
647291
666541
680500
646125
682792
686959
646250
667458
667125
645209
676875
666542
665584
662959
657459
683667
652375
656541
681167
664959
654333
666875
666167
678459
649708
669625
677334
642208
677833
652625
665666
666958
678500
652541
670166
679042
654917
666125
666583
653000
666125
678458
655542
664709
676917
643417
682834
670042
657375
662375
669584
664791
662792
666625
658875
661125
666250
668958
659083
678125
648708
662583
677375
660916
659792
666708
648334
643167
640833
633417
655250
634042
656958
624417
654750
643125
630042
653750
637250
636666
655459
632375
644375
654041
624417
647792
654750
618709
656000
649209
626709
653875
645333
630333
657417
636583
639791
654834
638125
640917
655750
627250
648833
654542
623958
651125
653250
622916
657375
644125
631125
654875
644625
633416
658500
636625
642958
657708
632500
645541
657000
626125
652042
656042
621083
657750
651584
629833
656458
646625
632292
654042
636958
635417
654750
630875
642292
662333
626250
647625
654708
640750
644792
638500
654750
640333
645250
653250
624958
648333
654125
619125
653000
647708
624416
653958
641708
631083
655917
636084
635958
653000
631708
643750
653666
622542
647959
653417
641542
640166
648042
624083
654875
640583
652458
619667
654333
649416
624458
653833
642750
628042
653583
638542
633584
652958
631125
642167
653667
673625
676250
680333
673375
673208
675250
674125
674500
675209
674292
672750
674041
673958
682541
673208
677125
673333
673833
675625
671167
672417
678083
673209
673208
670916
673292
674083
675583
670459
672708
675750
671792
671666
670833
671917
675458
673250
677375
670959
676583
767291
638584
658417
655708
637792
650958
654416
634209
649000
652292
640292
649292
641083
649459
759833
654000
632917
647791
653208
634583
648416
648375
636667
649334
641625
644292
648291
635417
643542
655750
648333
646167
652667
632000
650000
654584
631417
648583
651459
632917
648208
658416
637250
648750
654959
643000
647375
639542
643166
663000
636250
646500
653416
633292
648667
652542
632834
648542
665417
633542
647666
652958
636250
648458
643542
649333
661833
651125
645792
651542
641500
653334
656417
638875
647500
657791
635625
655125
656542
631625
647541
669667
645333
646917
652708
633583
650292
647542
636041
663875
656667
643083
646750
643125
644042
652792
635791
663375
635125
649084
644000
