26066417
26944750
27912791
27901750
27988125
25857000
25600083
25509375
25501041
25886667
25880333
25925625
26096459
26138041
25861041
26251666
27193625
27086250
26601375
26538125
26894084
26939375
26885250
26677667
26716042
26147417
26685750
26711750
27019375
27407625
27440000
27840541
28000291
26496166
26672375
26851875
27223041
28767791
26349292
26680542
27418750
27478709
27788708
26805083
26801333
26989459
27046167
27101500
26637292
26407042
25656709
25508875
25548250
25517125
25507292
25523125
25513833
25524667
25750125
25617083
25497084
25470750
25462250
25474208
25611541
25490000
25493542
25731916
26065250
26079625
26016166
26010833
25996625
26017167
26002208
26004833
25991834
28099083
28770792
28584083
27880583
25739167
25762291
25662500
25690000
25640709
25518292
25565375
25515042
25451958
25480000
25480792
25448917
25471833
25440958
25439500
25536541
25427000
25422625
25404833
25515666
25468666
25447916
25472291
25552167
25451167
25434083
25447458
25442709
25469125
22627666
21493000
21615500
21583250
21564083
21561708
21551417
21535500
21562000
21557709
21506541
21513500
21484667
25849292
26598333
26544750
26495625
26468167
26693333
26474333
26485708
26494584
26503667
26510250
26472000
26435709
26468458
26439250
26448333
26560459
26504250
25939042
25209875
25223709
25357459
25175958
25179917
25211125
25188166
25158125
25159084
24588292
22259083
22267000
22278333
22268583
22236667
22151166
22159125
22174041
22262000
22153000
24270667
26256542
26289625
26325875
26208625
26249917
26187834
26194458
26168000
26144541
26142792
26125833
26138125
26138916
26288625
26104416
26108209
26090291
26143875
26025583
25176708
25171375
25161459
25177584
25132667
25167625
25201708
25143667
25160792
24285375
21968708
21825208
21857833
21861875
21867416
21840041
21838333
21849500
21836666
21848958
21841250
26070542
26405625
26508833
26440875
26419750
26581792
26404291
26426583
26354542
26378750
26359375
26343209
26387375
26448208
26404708
26353584
26387625
26404417
26352709
26183042
26024667
26157250
25987334
26016542
25966500
25932584
25949709
25963417
25965833
25375291
25156250
25151750
25138625
25136250
25202459
25161375
25151083
25302916
25135833
24751459
22276833
22249792
22245167
22259125
23831209
22103959
22113458
22099667
22116709
22106625
22079083
22081583
22103167
22206209
22182333
22084417
22103584
22045042
22091291
22073292
22081250
22087792
22068209
24261417
26366167
26381042
26364959
26379292
26363208
26548917
26382459
26389167
26361834
26257708
26120375
26137875
26122459
26095833
26104167
26073833
26102959
26095833
26136750
25699916
25165042
25387917
25193083
25198208
25201333
25179167
25132334
25191167
25177458
25189833
25161541
25167000
25180708
25177500
25147791
25165167
25175167
25307625
25174250
24131417
22060334
22091417
22068292
22059583
22083875
22056875
22053708
22059208
22055875
22045500
22051334
24587875
26002209
26108333
25973042
25986667
25980208
25946334
25947542
25996875
26016625
26430334
26441000
26373958
26374417
26407667
26367541
26306291
26332209
26485333
26341500
26342583
26343417
26369500
26339334
26323500
26315791
26370292
26337791
26336375
25789875
25208791
25247667
25192000
25227000
25318584
25183167
25218875
25196333
25177625
24401083
22034750
22043625
22041875
22039708
22022708
22018875
22038416
22068875
22070166
22038750
22190125
24241542
25993542
25965541
26025625
25948291
25929917
25945250
25921584
25991833
25958833
25944750
25945666
25952291
25933125
25928083
26112459
25942334
25948542
25886208
25878333
25488833
25251625
25220333
25202458
25189167
25213416
25193667
25220584
25167000
25200000
23992500
22296500
22176625
22146959
22143541
22137667
22161583
22144333
22158875
22187958
22178000
22175333
25445750
26399625
26416958
26405750
26426042
26553541
26428833
26406083
26398709
26359625
26389041
26396459
26371959
26397167
26399834
26387750
26357917
26380042
26419125
26182959
25154417
25267125
25191750
25181458
25170458
25163292
25154833
25163292
25165125
25124667
23510875
22132625
22144458
22123000
23364333
22132959
22149000
24329750
26007500
25979583
25972250
25974833
25944333
25925542
25933292
25942792
25908417
25906958
25930375
25921084
25921375
25925084
25882042
24561084
22131500
22148500
22129500
22124666
22119375
22139625
22162541
22148208
22131208
22161125
22130416
22160166
22120458
22127583
22107042
22256292
23676958
26382500
26384750
26402084
26375791
26376709
26377958
26376125
26417041
26373250
26205000
25175291
25208834
25161958
25204500
25295958
25169291
25169584
25262583
25231916
25193375
25185500
25215333
25188000
25304000
25181625
25825250
25881250
25872000
25874167
25878084
26036209
25881083
25869958
25889250
25839541
25871125
25862375
25847292
25861000
25971375
26348666
26416208
26407791
26383708
26396333
26421209
26523666
26359708
26375542
22874167
22170708
22135167
22152250
22143792
22143625
22137500
22166500
22292125
22183708
22133125
22134375
22145834
22215250
22192416
22236000
22192291
22132083
25444417
25580458
25603250
25600917
25611250
25578250
25567625
25566209
25531958
25515250
25524417
25671958
25499959
25585250
25730791
26490875
26428542
26517708
26355208
26111750
24636625
25938958
25923167
25978583
25918208
25939792
25951958
26091041
25969375
25915792
25926375
25902833
25872417
25900916
25894083
23189041
22032333
22045125
22030333
22042750
22055208
22075791
22034042
22150917
22031500
22053958
24021792
26466667
26355625
26430625
26477166
