109000
64792
54166
53709
55875
47500
46833
46750
49041
51459
51625
51583
110292
51625
51209
53208
54875
51667
51292
50708
50084
50125
47500
39750
45917
46667
46333
44583
44500
45083
43625
41250
40875
39625
39458
40875
43166
43084
43167
43292
43333
43250
43708
43041
38250
38334
42917
47834
44291
40583
46167
42375
43625
39167
72959
52166
38042
41750
42583
42417
42125
39667
39625
42125
42666
43167
39041
38083
39708
42500
41667
42542
42291
41750
39834
41375
41375
41625
40208
47042
45417
42083
41750
38625
40959
40959
41125
41083
40167
41125
38083
39625
40167
41000
40958
41000
40375
41375
40166
41250
38334
42958
35834
35625
37458
37875
38250
37791
37709
37916
37792
37750
38000
45042
41000
41041
37042
40500
39750
40708
39792
39667
40083
40125
40417
39333
40208
38709
37250
39542
40458
40541
41458
40250
39458
40292
40250
40500
39500
40041
73958
47000
40750
37708
38042
39708
40250
41166
40583
41125
40750
37500
38125
40459
44292
41042
39250
40083
40250
39625
39459
39167
39500
37333
37458
39083
39166
39417
36917
36584
37125
36916
36750
36959
36917
36750
35041
36666
38625
39084
39167
39125
39375
40250
39208
39584
39167
36958
36875
36167
37709
38959
39291
39041
39042
39458
39375
39167
39333
39333
39125
39709
35583
39041
41834
45542
43209
41791
43459
39708
39583
39167
38708
36875
36750
39125
39125
39292
39167
39292
39000
39334
39125
39125
39500
39667
37000
37625
39000
38917
39209
36875
36791
36792
37792
36792
36792
36667
36708
34459
37125
39041
39000
39166
39000
39125
39167
39250
39125
39250
38959
39084
39042
39041
38959
43125
40375
37500
37708
53500
37792
37125
36542
36875
34875
34875
37167
37000
36916
36667
36708
36709
37334
39125
38834
38917
39209
35500
33667
36792
39000
38958
38917
39000
39250
39042
38875
38875
39375
39625
37083
39709
39542
39625
39708
39375
39292
39542
39500
39708
39416
39458
39416
39375
39583
39750
39667
39583
39792
37084
75000
41334
39500
39291
37458
36917
39291
39083
39125
41417
40166
39458
39458
39166
39250
39167
39000
36875
39042
39125
39834
39000
38916
39166
39209
39166
39834
39000
39458
38958
39083
39250
39250
39042
39417
39583
37209
39417
39458
40916
42084
39209
40083
39583
39625
39333
39416
39416
39333
39375
39375
39334
39167
39333
38041
35875
39209
39334
39542
39583
39584
39333
39458
39375
39375
39375
39542
36958
39083
40417
39542
39250
39458
39333
39583
39667
39291
39458
39250
39459
39709
40125
39833
39167
46083
37709
40166
40042
39917
39459
40292
38916
38750
39167
39000
38958
38958
38917
38792
39833
38917
38834
38792
38541
38833
38916
39167
38917
38792
38833
38666
38916
38792
38916
39250
40041
38792
39083
39000
38750
38791
39000
39166
39292
39125
39042
39000
39042
39125
38875
39041
39167
38959
38958
38875
39209
39125
39125
39417
39125
39083
39125
37583
35583
39042
39042
39083
39250
39125
38750
39000
38917
39125
39000
39333
37125
39125
39083
38958
39167
39542
40042
39708
39000
39125
36875
39792
39250
39500
39541
40000
39000
38750
39375
39083
39000
39084
39041
39083
39208
39042
39042
38916
38833
38917
39125
39417
39250
39000
152292
39459
39209
38458
38542
38959
38500
38542
38542
38417
39041
38750
36458
37375
38958
38875
38833
38708
38833
38875
38875
38750
39000
38709
38916
36542
39042
38791
38750
39000
38542
39125
38750
38583
38875
38792
38250
38917
38750
38667
38833
38666
38792
38917
38833
38792
39083
38875
38750
38667
38958
38875
38625
39083
38791
38625
38958
39000
39000
40292
40125
38417
38458
38291
37875
38208
38208
38125
37916
38042
38125
38417
38000
38084
38416
38167
38125
38708
38208
38167
38625
38416
38208
38666
38250
38042
38334
38292
37958
38541
38250
38125
38500
38542
38291
38375
38334
38250
38459
38250
40125
