108833
66709
56792
54583
57959
57292
51750
51541
51375
51375
48042
46417
125583
52667
52167
56917
59583
52292
51791
50917
51000
50792
45209
39666
46541
47458
46833
45041
44958
44625
40000
37792
40292
43583
44375
41875
43667
44000
43875
43750
40542
39917
39833
39750
41333
43167
43625
52833
45042
40416
46666
42709
43834
38125
67959
51792
39166
41625
42750
45292
42875
40208
39000
38625
39041
38959
38625
43458
43000
43042
42208
43125
43375
42291
38542
38000
37458
37292
38459
46875
45625
45167
42792
39667
41500
42084
40167
37917
37042
37541
38750
42250
41542
45083
42667
42459
42417
42666
39917
38792
36791
38750
35750
39042
38875
39000
39875
39000
39000
38917
39083
36417
35708
47416
44250
42083
37166
37500
40541
41083
40583
40250
41250
38834
37000
36458
36875
37250
40834
40750
41125
41083
41208
41000
40417
40833
37041
36875
37583
40875
72584
40667
41291
37958
38125
40083
40125
39500
37042
37333
37291
36875
40250
40917
47708
41416
39750
40375
41333
39291
36417
36541
36000
36625
40208
40584
40458
40667
37541
37333
37208
37250
35791
33583
33708
35042
37625
39417
39833
40666
40708
40791
39791
41875
40500
37500
36833
33833
33708
35750
40000
40000
40208
40000
39750
41041
41042
40709
36333
36667
37042
40625
40666
40542
46667
45375
43875
45833
40125
38583
35625
36417
36417
36291
38834
40375
40333
39416
39333
39583
39500
39583
37375
35375
35875
38292
40291
40417
40292
40250
40500
37250
37042
37000
40750
34542
33375
33417
35709
37000
37375
39458
39791
40542
40375
40167
39542
40375
37667
35542
35750
38917
45500
42167
39542
42667
40375
37583
37708
51875
38292
33334
33250
33167
33041
36209
36917
36791
36833
36916
36833
36958
37333
39292
35292
36833
36667
36917
37000
36917
39292
39125
39292
39125
39125
39042
39125
35458
35542
36125
39083
39875
40375
39500
39458
40250
39500
39458
40250
38250
35500
36375
37458
39458
40542
39500
39583
40209
40667
37125
81000
43250
35791
36333
36375
35666
39209
40292
40291
44375
39917
39709
39459
39208
36292
45875
35834
40541
42333
39625
40500
39542
39625
40458
39541
39666
37833
35792
35833
40334
40750
39750
40625
40500
39792
40917
37375
39417
40542
39875
37042
36750
39791
40708
39667
39667
39834
39709
39667
39625
39625
37125
35625
35792
38708
39583
39584
39583
39792
39666
39625
39542
40667
39625
36042
36666
36084
39584
40666
40791
39750
40750
39666
39792
41000
39750
38334
36625
36500
37833
40916
40500
40458
40500
48041
37833
40500
40500
40459
40541
40042
35417
36166
39208
40500
39459
39375
40125
39333
42666
40666
37458
35541
36250
38125
39417
40500
39459
39417
40417
40250
39416
40292
39834
35917
36416
36250
39292
39250
40333
39375
39375
40583
39416
39250
40250
39458
35458
36458
37459
39541
40417
40209
40250
40000
39292
39083
40125
39500
37125
35208
35417
41416
39042
39208
40041
39209
39250
40042
39041
39167
40125
35875
35375
36458
39167
39209
40125
40292
39250
40667
40208
39833
40041
39250
33500
35791
36750
39625
39583
39833
39167
39125
39792
40209
39292
39166
38541
35375
35416
38292
39250
39208
40167
39208
39292
40459
39208
39250
150250
45917
39333
40083
40000
38917
39875
39958
40125
37292
35292
35375
36084
35958
39250
39125
39209
40042
39167
39292
39958
39208
36167
35959
35375
38458
40166
39292
39333
40167
40000
39125
40000
39792
39000
36084
35958
35542
40000
39917
39166
39916
44583
39042
39958
40042
39417
37625
36000
36000
37250
39792
39750
39125
40083
41000
40833
39584
39167
38417
36833
35667
34791
38541
39459
39458
39334
39416
39250
39333
39334
38583
39291
36125
34917
35458
38875
38708
39083
39291
38458
39209
39167
38333
39250
39292
34875
35500
35666
38417
39084
39209
38500
39583
39292
38541
39167
39125
38375
35584
35500
